95
1 2
1 3
1 4
1 6
1 9
1 10
1 12
1 15
1 16
1 17
1 18
1 20
1 22
1 24
1 25
1 26
1 28
1 30
1 31
1 32
1 37
1 38
1 40
1 42
1 43
1 47
1 48
1 49
1 50
1 52
1 53
1 54
1 55
1 57
1 58
1 59
1 61
1 62
1 70
1 71
1 72
1 75
1 77
1 80
1 82
1 84
1 87
1 88
1 92
1 94
1 95
2 3
2 9
2 11
2 12
2 13
2 15
2 16
2 18
2 20
2 21
2 26
2 28
2 30
2 32
2 35
2 37
2 38
2 40
2 42
2 43
2 44
2 47
2 48
2 49
2 51
2 52
2 53
2 55
2 56
2 59
2 60
2 61
2 66
2 67
2 68
2 69
2 70
2 71
2 72
2 74
2 75
2 77
2 82
2 83
2 84
2 86
2 94
2 95
3 4
3 6
3 7
3 8
3 9
3 14
3 15
3 16
3 18
3 19
3 21
3 23
3 25
3 27
3 31
3 32
3 33
3 37
3 40
3 41
3 45
3 46
3 47
3 49
3 53
3 54
3 55
3 56
3 59
3 60
3 62
3 63
3 64
3 69
3 71
3 74
3 75
3 80
3 83
3 84
3 85
3 86
3 87
3 88
3 90
3 92
3 95
4 5
4 6
4 7
4 9
4 12
4 13
4 14
4 15
4 17
4 19
4 20
4 23
4 24
4 25
4 28
4 31
4 33
4 35
4 37
4 39
4 43
4 44
4 45
4 47
4 49
4 50
4 52
4 54
4 55
4 58
4 61
4 62
4 63
4 70
4 71
4 72
4 74
4 76
4 77
4 78
4 82
4 84
4 85
4 86
4 89
4 91
4 92
4 95
5 6
5 9
5 11
5 14
5 15
5 18
5 19
5 21
5 31
5 35
5 36
5 37
5 39
5 41
5 44
5 47
5 48
5 49
5 51
5 52
5 56
5 57
5 58
5 59
5 60
5 61
5 62
5 64
5 66
5 67
5 70
5 73
5 76
5 78
5 79
5 80
5 82
5 88
5 90
5 91
5 93
5 94
6 7
6 11
6 15
6 16
6 20
6 21
6 23
6 25
6 26
6 27
6 30
6 31
6 32
6 35
6 38
6 39
6 40
6 41
6 43
6 44
6 45
6 46
6 48
6 53
6 54
6 55
6 56
6 57
6 58
6 59
6 61
6 62
6 63
6 65
6 66
6 67
6 68
6 69
6 70
6 71
6 74
6 82
6 85
6 86
6 89
6 91
6 92
6 93
6 94
6 95
7 8
7 10
7 13
7 15
7 16
7 17
7 19
7 22
7 23
7 26
7 28
7 31
7 32
7 35
7 38
7 39
7 41
7 44
7 45
7 46
7 48
7 50
7 52
7 53
7 55
7 56
7 57
7 59
7 61
7 62
7 64
7 65
7 66
7 67
7 68
7 71
7 72
7 73
7 74
7 76
7 77
7 80
7 81
7 83
7 84
7 91
7 93
7 95
8 9
8 10
8 11
8 12
8 14
8 15
8 16
8 19
8 25
8 29
8 32
8 33
8 36
8 38
8 40
8 42
8 43
8 45
8 46
8 47
8 48
8 51
8 55
8 57
8 58
8 59
8 61
8 62
8 63
8 64
8 65
8 66
8 68
8 70
8 71
8 72
8 74
8 79
8 80
8 81
8 82
8 85
8 89
8 91
8 94
8 95
9 10
9 13
9 15
9 18
9 20
9 22
9 26
9 30
9 36
9 39
9 41
9 42
9 44
9 47
9 50
9 51
9 55
9 60
9 64
9 65
9 66
9 69
9 71
9 73
9 74
9 78
9 84
9 87
9 88
9 91
9 92
9 93
9 94
9 95
10 11
10 13
10 16
10 18
10 20
10 22
10 23
10 25
10 26
10 27
10 28
10 31
10 33
10 35
10 39
10 44
10 45
10 47
10 52
10 55
10 57
10 59
10 60
10 61
10 64
10 65
10 68
10 69
10 72
10 73
10 75
10 77
10 78
10 82
10 85
10 86
10 89
10 91
10 92
10 93
10 94
10 95
11 12
11 14
11 19
11 24
11 25
11 26
11 27
11 31
11 32
11 33
11 36
11 38
11 39
11 40
11 43
11 44
11 45
11 49
11 50
11 52
11 53
11 56
11 59
11 60
11 65
11 69
11 74
11 75
11 76
11 80
11 81
11 82
11 84
11 86
11 88
11 92
11 95
12 13
12 14
12 15
12 17
12 18
12 21
12 22
12 23
12 25
12 26
12 27
12 28
12 29
12 30
12 31
12 36
12 37
12 39
12 43
12 45
12 46
12 48
12 49
12 50
12 52
12 54
12 55
12 56
12 58
12 60
12 63
12 65
12 66
12 67
12 71
12 72
12 74
12 75
12 76
12 78
12 82
12 83
12 85
12 86
12 87
12 88
12 89
12 91
13 14
13 18
13 19
13 20
13 21
13 24
13 25
13 27
13 29
13 32
13 33
13 35
13 37
13 40
13 41
13 42
13 47
13 48
13 49
13 50
13 52
13 53
13 54
13 57
13 60
13 64
13 65
13 71
13 75
13 77
13 79
13 82
13 83
13 84
13 87
13 88
13 89
13 91
13 93
13 95
14 15
14 18
14 22
14 24
14 25
14 28
14 30
14 32
14 34
14 36
14 40
14 41
14 45
14 47
14 49
14 50
14 52
14 54
14 55
14 57
14 58
14 59
14 61
14 65
14 66
14 67
14 68
14 69
14 71
14 76
14 77
14 79
14 80
14 82
14 83
14 87
14 88
14 90
14 92
15 16
15 17
15 19
15 23
15 26
15 29
15 31
15 32
15 34
15 35
15 37
15 38
15 40
15 42
15 45
15 49
15 51
15 54
15 56
15 59
15 60
15 64
15 66
15 70
15 71
15 72
15 73
15 76
15 79
15 81
15 82
15 83
15 84
15 85
15 87
15 88
15 91
15 92
16 17
16 18
16 19
16 21
16 23
16 24
16 28
16 29
16 31
16 32
16 33
16 35
16 36
16 37
16 39
16 41
16 43
16 49
16 53
16 55
16 56
16 59
16 61
16 62
16 67
16 69
16 71
16 74
16 76
16 78
16 80
16 82
16 83
16 84
16 86
16 88
17 18
17 22
17 23
17 24
17 26
17 29
17 30
17 34
17 38
17 39
17 45
17 46
17 48
17 49
17 50
17 53
17 55
17 56
17 57
17 58
17 60
17 61
17 65
17 66
17 67
17 70
17 71
17 76
17 83
17 87
17 88
17 90
17 92
17 93
17 95
18 19
18 22
18 26
18 28
18 29
18 30
18 31
18 32
18 33
18 34
18 40
18 41
18 49
18 51
18 52
18 55
18 57
18 62
18 64
18 65
18 67
18 68
18 69
18 70
18 73
18 74
18 76
18 78
18 80
18 81
18 82
18 83
18 85
18 86
18 89
18 93
18 95
19 20
19 22
19 23
19 26
19 27
19 28
19 31
19 33
19 34
19 35
19 36
19 40
19 41
19 42
19 44
19 45
19 46
19 47
19 48
19 49
19 50
19 51
19 52
19 54
19 55
19 60
19 61
19 62
19 64
19 65
19 66
19 67
19 70
19 71
19 78
19 80
19 81
19 83
19 85
19 86
19 88
19 89
19 91
19 93
20 21
20 22
20 26
20 27
20 28
20 34
20 35
20 39
20 42
20 44
20 47
20 48
20 50
20 51
20 52
20 54
20 55
20 62
20 64
20 65
20 69
20 70
20 73
20 76
20 78
20 80
20 83
20 85
20 86
20 88
20 90
20 94
20 95
21 22
21 26
21 27
21 28
21 29
21 30
21 31
21 34
21 35
21 36
21 37
21 39
21 40
21 42
21 46
21 47
21 48
21 49
21 51
21 53
21 56
21 57
21 61
21 63
21 69
21 71
21 72
21 74
21 75
21 76
21 80
21 81
21 82
21 84
21 85
21 90
21 91
22 23
22 24
22 25
22 28
22 31
22 32
22 36
22 38
22 41
22 42
22 43
22 48
22 51
22 54
22 56
22 58
22 59
22 61
22 62
22 63
22 67
22 70
22 71
22 72
22 73
22 76
22 78
22 79
22 81
22 84
22 90
22 91
22 92
22 93
22 94
22 95
23 24
23 26
23 27
23 30
23 32
23 36
23 37
23 40
23 42
23 44
23 45
23 47
23 48
23 49
23 50
23 52
23 53
23 55
23 57
23 58
23 60
23 62
23 64
23 65
23 68
23 69
23 74
23 75
23 76
23 78
23 83
23 85
23 87
23 89
23 91
23 93
23 95
24 25
24 27
24 29
24 30
24 31
24 34
24 35
24 36
24 37
24 39
24 44
24 47
24 48
24 52
24 53
24 54
24 55
24 57
24 59
24 61
24 63
24 65
24 66
24 67
24 69
24 71
24 73
24 75
24 76
24 78
24 82
24 85
24 90
24 93
24 95
25 26
25 29
25 30
25 33
25 36
25 37
25 38
25 39
25 41
25 44
25 46
25 47
25 49
25 50
25 51
25 52
25 53
25 55
25 57
25 58
25 63
25 64
25 66
25 69
25 70
25 72
25 74
25 76
25 79
25 80
25 82
25 83
25 85
25 86
25 87
25 92
25 95
26 27
26 38
26 41
26 43
26 44
26 47
26 48
26 49
26 52
26 53
26 54
26 55
26 56
26 58
26 61
26 62
26 65
26 66
26 67
26 68
26 69
26 70
26 72
26 74
26 76
26 77
26 83
26 84
26 87
26 88
26 90
26 91
26 92
26 94
26 95
27 28
27 29
27 32
27 33
27 34
27 36
27 38
27 39
27 40
27 41
27 42
27 47
27 48
27 50
27 51
27 52
27 55
27 57
27 58
27 63
27 64
27 65
27 67
27 68
27 71
27 73
27 74
27 75
27 77
27 79
27 80
27 81
27 82
27 83
27 84
27 94
28 29
28 31
28 32
28 34
28 36
28 37
28 39
28 40
28 41
28 42
28 43
28 44
28 48
28 50
28 52
28 53
28 55
28 57
28 60
28 65
28 66
28 67
28 71
28 72
28 75
28 77
28 83
28 84
28 85
28 89
28 91
28 92
28 94
28 95
29 30
29 31
29 34
29 38
29 39
29 42
29 45
29 46
29 47
29 48
29 49
29 50
29 51
29 52
29 54
29 57
29 60
29 61
29 62
29 63
29 64
29 67
29 68
29 71
29 74
29 75
29 76
29 83
29 87
29 89
29 92
29 94
29 95
30 31
30 34
30 36
30 42
30 45
30 47
30 49
30 55
30 57
30 58
30 59
30 60
30 61
30 66
30 71
30 72
30 73
30 75
30 77
30 78
30 80
30 81
30 85
30 86
30 87
30 89
30 91
30 92
31 32
31 36
31 40
31 42
31 44
31 45
31 46
31 47
31 54
31 55
31 56
31 60
31 62
31 63
31 64
31 65
31 67
31 68
31 69
31 71
31 75
31 76
31 78
31 82
31 83
31 84
31 89
31 95
32 33
32 34
32 35
32 36
32 37
32 38
32 42
32 43
32 45
32 47
32 49
32 50
32 51
32 55
32 57
32 58
32 59
32 62
32 63
32 64
32 65
32 68
32 69
32 70
32 71
32 72
32 74
32 76
32 80
32 81
32 83
32 85
32 89
32 93
32 94
32 95
33 34
33 40
33 41
33 42
33 44
33 46
33 54
33 55
33 56
33 57
33 58
33 60
33 61
33 65
33 69
33 72
33 74
33 75
33 79
33 83
33 88
33 90
33 91
33 95
34 35
34 38
34 43
34 44
34 47
34 49
34 54
34 56
34 57
34 59
34 62
34 67
34 79
34 81
34 82
34 84
34 86
34 92
34 93
34 95
35 36
35 37
35 38
35 39
35 41
35 42
35 44
35 48
35 49
35 50
35 51
35 52
35 54
35 55
35 56
35 61
35 62
35 63
35 64
35 65
35 67
35 70
35 71
35 72
35 73
35 74
35 76
35 80
35 82
35 83
35 84
35 86
35 87
35 92
36 37
36 38
36 43
36 44
36 45
36 48
36 50
36 53
36 54
36 55
36 56
36 57
36 61
36 62
36 64
36 66
36 67
36 72
36 75
36 77
36 79
36 80
36 83
36 84
36 86
36 87
36 90
36 91
36 92
36 94
36 95
37 38
37 39
37 41
37 42
37 43
37 50
37 51
37 52
37 55
37 57
37 59
37 61
37 63
37 64
37 70
37 72
37 74
37 75
37 76
37 79
37 80
37 81
37 82
37 84
37 88
37 89
37 93
37 94
37 95
38 39
38 45
38 46
38 48
38 51
38 52
38 53
38 54
38 56
38 57
38 59
38 60
38 61
38 62
38 63
38 68
38 69
38 70
38 71
38 72
38 73
38 75
38 77
38 78
38 79
38 80
38 81
38 83
38 86
38 88
38 89
38 90
38 91
38 92
38 93
38 94
39 40
39 42
39 44
39 48
39 50
39 51
39 52
39 54
39 57
39 59
39 61
39 62
39 64
39 67
39 68
39 69
39 71
39 75
39 78
39 80
39 82
39 83
39 85
39 87
39 89
39 90
39 92
39 94
40 41
40 46
40 48
40 50
40 51
40 52
40 53
40 59
40 63
40 64
40 66
40 68
40 69
40 70
40 75
40 76
40 77
40 78
40 80
40 83
40 84
40 86
40 87
40 89
40 90
40 91
40 92
40 95
41 42
41 43
41 45
41 46
41 49
41 50
41 54
41 55
41 56
41 57
41 59
41 60
41 64
41 66
41 67
41 70
41 71
41 77
41 78
41 82
41 84
41 86
41 88
41 93
41 94
42 43
42 44
42 48
42 49
42 53
42 54
42 55
42 56
42 59
42 66
42 67
42 68
42 69
42 71
42 72
42 78
42 79
42 81
42 82
42 83
42 84
42 92
42 93
42 94
42 95
43 44
43 48
43 50
43 53
43 55
43 56
43 57
43 60
43 63
43 65
43 66
43 68
43 69
43 72
43 79
43 81
43 82
43 84
43 86
43 88
43 91
43 92
44 45
44 47
44 48
44 52
44 56
44 60
44 62
44 65
44 67
44 68
44 70
44 72
44 74
44 77
44 78
44 84
44 85
44 86
44 87
44 90
44 92
44 93
44 95
45 46
45 47
45 48
45 49
45 50
45 52
45 54
45 55
45 60
45 66
45 67
45 68
45 69
45 70
45 71
45 74
45 75
45 76
45 79
45 81
45 82
45 83
45 85
45 87
45 89
45 90
45 94
45 95
46 47
46 48
46 49
46 50
46 51
46 52
46 53
46 54
46 56
46 57
46 59
46 60
46 61
46 62
46 66
46 68
46 70
46 71
46 73
46 74
46 77
46 78
46 80
46 82
46 84
46 86
46 91
46 92
46 95
47 48
47 49
47 50
47 54
47 57
47 59
47 62
47 66
47 68
47 71
47 74
47 76
47 77
47 79
47 80
47 83
47 88
47 89
47 90
47 91
47 93
47 95
48 49
48 51
48 53
48 54
48 56
48 58
48 59
48 69
48 70
48 76
48 77
48 79
48 81
48 86
48 89
48 93
48 94
49 50
49 51
49 52
49 55
49 56
49 57
49 58
49 59
49 63
49 64
49 68
49 70
49 71
49 73
49 74
49 76
49 79
49 80
49 83
49 84
49 85
49 90
49 91
49 94
49 95
50 51
50 52
50 55
50 61
50 64
50 68
50 69
50 71
50 72
50 74
50 76
50 79
50 80
50 81
50 82
50 84
50 86
50 88
50 92
50 94
51 52
51 54
51 55
51 57
51 58
51 59
51 60
51 64
51 66
51 67
51 69
51 72
51 73
51 74
51 77
51 80
51 82
51 85
51 86
51 89
51 90
51 91
51 93
52 53
52 55
52 57
52 59
52 61
52 63
52 65
52 66
52 69
52 70
52 73
52 74
52 75
52 76
52 77
52 79
52 80
52 82
52 83
52 85
52 86
52 87
52 90
52 91
53 54
53 58
53 59
53 60
53 61
53 62
53 63
53 65
53 66
53 68
53 69
53 74
53 79
53 82
53 83
53 89
53 90
53 91
53 93
53 94
54 55
54 57
54 59
54 60
54 62
54 63
54 65
54 67
54 68
54 70
54 72
54 77
54 78
54 79
54 82
54 86
54 87
54 88
54 89
54 92
54 93
54 95
55 56
55 60
55 61
55 62
55 63
55 65
55 66
55 67
55 68
55 70
55 76
55 77
55 78
55 82
55 83
55 87
55 88
55 89
55 90
55 95
56 57
56 58
56 61
56 64
56 65
56 68
56 76
56 77
56 78
56 79
56 81
56 82
56 83
56 84
56 85
56 87
56 88
56 90
56 91
56 93
56 95
57 58
57 66
57 67
57 69
57 70
57 71
57 81
57 85
57 86
57 87
57 89
57 90
57 91
57 93
57 94
57 95
58 59
58 60
58 62
58 63
58 65
58 68
58 69
58 70
58 71
58 74
58 76
58 78
58 80
58 81
58 83
58 85
58 89
58 90
58 93
58 94
58 95
59 60
59 64
59 65
59 67
59 68
59 71
59 72
59 76
59 78
59 79
59 80
59 81
59 84
59 90
59 91
59 92
59 94
60 61
60 62
60 63
60 64
60 65
60 66
60 68
60 74
60 75
60 79
60 80
60 81
60 84
60 86
60 87
60 88
60 90
60 91
60 93
60 94
61 62
61 64
61 66
61 68
61 70
61 72
61 74
61 76
61 80
61 81
61 82
61 84
61 86
61 88
61 89
61 90
61 93
62 63
62 64
62 67
62 68
62 69
62 70
62 73
62 75
62 76
62 81
62 82
62 83
62 84
62 88
62 90
63 64
63 66
63 67
63 69
63 74
63 76
63 79
63 81
63 83
63 84
63 85
63 87
63 90
63 92
63 93
63 94
63 95
64 65
64 68
64 69
64 72
64 76
64 78
64 80
64 81
64 82
64 83
64 84
64 88
64 90
64 92
64 93
65 66
65 67
65 71
65 72
65 74
65 77
65 78
65 85
65 87
65 89
65 90
65 93
66 67
66 68
66 71
66 73
66 74
66 75
66 76
66 78
66 80
66 81
66 82
66 84
66 86
66 89
66 90
66 92
67 68
67 70
67 71
67 72
67 75
67 78
67 79
67 84
67 85
67 87
67 89
67 91
67 92
67 94
68 69
68 73
68 74
68 78
68 80
68 81
68 90
68 95
69 70
69 72
69 75
69 76
69 78
69 81
69 82
69 83
69 86
69 87
69 88
69 90
69 93
70 71
70 72
70 73
70 75
70 76
70 78
70 81
70 82
70 84
70 86
70 87
70 89
70 90
70 91
71 72
71 74
71 75
71 82
71 83
71 84
71 85
71 87
71 88
71 89
71 90
71 91
71 92
71 93
71 94
71 95
72 73
72 75
72 77
72 78
72 81
72 82
72 91
72 92
72 95
73 74
73 75
73 79
73 80
73 81
73 82
73 83
73 84
73 85
73 87
73 89
73 90
73 92
73 95
74 75
74 76
74 77
74 81
74 83
74 84
74 85
74 89
74 90
74 92
74 94
74 95
75 76
75 81
75 83
75 84
75 86
75 90
75 91
75 94
75 95
76 77
76 78
76 81
76 82
76 85
76 86
76 87
76 90
76 92
76 93
76 94
76 95
77 78
77 79
77 81
77 84
77 87
77 88
77 90
77 94
78 79
78 81
78 83
78 85
78 87
78 88
78 92
78 93
79 80
79 81
79 83
79 84
79 85
79 87
79 90
79 92
79 94
79 95
80 81
80 82
80 83
80 84
80 86
80 89
80 90
80 92
80 93
80 94
80 95
81 82
81 83
81 86
81 87
81 91
81 94
81 95
82 83
82 84
82 85
82 87
82 88
82 89
82 90
82 91
82 95
83 84
83 86
83 87
83 88
83 89
83 92
83 93
83 95
84 85
84 87
84 88
84 89
84 91
84 93
84 95
85 86
85 87
85 88
85 90
85 93
85 95
86 87
86 89
86 92
86 93
87 88
87 91
87 93
88 89
89 90
89 92
89 94
90 91
90 93
90 94
90 95
91 92
91 94
91 95
92 93
93 94
94 95
