35
1 2
1 11
1 17
1 19
1 20
1 22
1 25
1 26
1 27
1 28
1 29
1 30
1 33
1 34
1 35
2 3
2 4
2 6
2 7
2 13
2 19
2 20
2 21
2 22
2 25
2 26
2 31
2 33
2 34
2 35
3 4
3 6
3 7
3 9
3 11
3 13
3 15
3 16
3 18
3 19
3 21
3 24
3 25
3 27
3 29
3 31
3 32
4 5
4 7
4 13
4 15
4 17
4 19
4 22
4 25
4 26
4 28
4 31
4 32
4 35
5 6
5 8
5 9
5 10
5 12
5 15
5 18
5 19
5 20
5 21
5 22
5 30
5 34
5 35
6 7
6 9
6 10
6 12
6 14
6 16
6 19
6 22
6 24
6 28
6 29
6 32
6 33
7 8
7 10
7 12
7 14
7 15
7 18
7 21
7 22
7 24
7 27
7 28
7 29
7 34
8 9
8 10
8 13
8 14
8 15
8 16
8 17
8 18
8 19
8 23
8 25
8 26
8 27
8 28
8 30
8 32
8 33
8 35
9 10
9 12
9 16
9 17
9 18
9 19
9 22
9 23
9 26
9 28
9 31
10 11
10 12
10 14
10 15
10 16
10 17
10 18
10 23
10 24
10 25
10 28
10 30
10 31
10 32
10 34
11 12
11 14
11 16
11 17
11 18
11 19
11 20
11 21
11 23
11 24
11 26
11 27
11 29
12 13
12 16
12 18
12 19
12 21
12 23
12 24
12 25
12 26
12 30
12 31
12 32
12 33
12 35
13 14
13 16
13 22
13 23
13 25
13 28
13 30
13 34
13 35
14 15
14 16
14 17
14 18
14 24
14 26
14 27
14 30
14 31
14 35
15 16
15 20
15 21
15 23
15 25
15 27
15 29
15 33
15 35
16 17
16 18
16 24
16 25
16 30
16 33
16 35
17 18
17 19
17 20
17 22
17 25
17 26
17 28
17 29
17 30
17 31
17 33
17 34
17 35
18 19
18 20
18 21
18 22
18 26
18 27
18 28
18 32
18 34
19 20
19 21
19 22
19 24
19 25
19 26
19 27
19 31
19 33
19 34
19 35
20 21
20 22
20 23
20 25
20 30
20 32
20 33
20 35
21 22
21 25
21 26
21 27
21 28
21 30
21 31
21 33
21 35
22 23
22 24
22 25
22 27
22 33
23 24
23 25
23 26
23 27
23 28
23 29
23 30
23 33
23 34
24 25
24 26
24 28
24 31
24 33
25 26
25 27
25 29
25 30
25 31
26 27
26 28
26 32
27 28
27 29
28 29
28 31
29 30
29 35
30 31
30 32
30 33
31 32
31 34
32 33
33 34
33 35
34 35
