45
1 2
1 6
1 7
1 14
1 15
1 16
1 18
1 23
1 25
1 27
1 33
1 36
1 41
1 42
1 45
2 3
2 6
2 7
2 8
2 9
2 11
2 12
2 13
2 15
2 18
2 19
2 20
2 21
2 22
2 24
2 25
2 26
2 28
2 30
2 31
2 32
2 34
2 35
2 38
2 39
2 42
2 43
2 44
3 4
3 12
3 15
3 16
3 17
3 18
3 19
3 20
3 22
3 24
3 25
3 29
3 30
3 31
3 36
3 37
3 41
3 43
3 44
3 45
4 5
4 9
4 12
4 13
4 14
4 16
4 17
4 19
4 21
4 22
4 23
4 24
4 26
4 27
4 28
4 29
4 30
4 31
4 32
4 35
4 37
4 38
4 43
4 44
4 45
5 6
5 9
5 11
5 12
5 13
5 16
5 20
5 22
5 23
5 27
5 28
5 32
5 36
5 37
5 38
5 40
5 41
5 42
5 44
5 45
6 7
6 8
6 10
6 12
6 13
6 14
6 17
6 18
6 19
6 23
6 24
6 26
6 27
6 28
6 31
6 35
6 36
6 37
6 38
6 40
6 42
7 8
7 9
7 11
7 13
7 19
7 24
7 25
7 27
7 28
7 29
7 34
7 35
7 37
7 38
7 41
8 9
8 10
8 12
8 14
8 15
8 18
8 22
8 23
8 25
8 26
8 27
8 30
8 31
8 34
8 35
8 37
8 38
8 39
8 40
8 43
8 44
9 10
9 12
9 13
9 14
9 17
9 18
9 20
9 22
9 24
9 27
9 30
9 31
9 34
9 35
9 39
9 45
10 11
10 12
10 13
10 14
10 15
10 17
10 18
10 21
10 25
10 26
10 27
10 29
10 30
10 32
10 34
10 36
10 40
10 45
11 12
11 14
11 15
11 17
11 19
11 21
11 23
11 24
11 26
11 29
11 30
11 32
11 33
11 34
11 37
11 39
11 40
11 41
12 13
12 15
12 21
12 22
12 25
12 28
12 29
12 30
12 31
12 32
12 33
12 34
12 35
12 36
12 37
12 39
12 40
12 44
13 14
13 16
13 17
13 18
13 20
13 21
13 22
13 23
13 26
13 28
13 35
13 36
13 37
13 42
13 44
14 15
14 18
14 22
14 23
14 26
14 27
14 28
14 31
14 37
14 38
14 42
14 44
14 45
15 16
15 18
15 20
15 21
15 24
15 25
15 26
15 28
15 29
15 31
15 33
15 34
15 38
15 42
15 45
16 17
16 21
16 22
16 23
16 27
16 29
16 30
16 32
16 37
16 38
16 39
16 41
16 44
17 18
17 19
17 22
17 26
17 28
17 29
17 30
17 31
17 32
17 33
17 39
17 40
17 41
17 44
17 45
18 19
18 21
18 22
18 23
18 25
18 28
18 30
18 31
18 33
18 34
18 36
18 37
18 38
18 40
18 41
18 43
18 45
19 20
19 21
19 23
19 25
19 28
19 29
19 37
19 38
19 39
19 42
19 44
20 21
20 22
20 27
20 28
20 29
20 30
20 31
20 34
20 36
20 37
20 41
20 43
20 45
21 22
21 23
21 24
21 29
21 32
21 34
21 35
21 39
21 40
21 45
22 23
22 24
22 25
22 27
22 30
22 32
22 34
22 35
22 37
22 38
22 39
22 43
23 24
23 25
23 26
23 32
23 34
23 39
23 40
23 42
23 43
24 25
24 26
24 30
24 34
24 39
24 40
24 45
25 26
25 28
25 29
25 32
25 38
25 39
25 40
25 43
26 27
26 28
26 30
26 31
26 32
26 34
26 35
26 36
26 37
26 38
26 40
26 41
26 42
26 43
26 45
27 28
27 29
27 30
27 31
27 32
27 37
27 38
27 39
27 41
27 42
28 29
28 31
28 32
28 35
28 36
28 37
28 38
28 40
28 41
28 43
28 44
28 45
29 30
29 31
29 33
29 36
29 38
29 41
29 42
29 43
29 45
30 31
30 32
30 33
30 34
30 35
30 38
30 40
30 44
30 45
31 32
31 33
31 37
31 38
31 39
31 40
32 33
32 39
32 40
32 43
33 34
33 36
33 38
33 39
33 40
33 41
33 43
33 44
34 35
34 39
34 40
34 42
35 36
35 38
36 37
36 39
37 38
37 39
37 40
37 43
38 39
38 40
38 42
39 40
39 41
40 41
40 42
40 43
40 45
41 42
41 43
41 45
42 43
42 44
42 45
43 44
43 45
44 45
