50
1 2
1 8
1 9
1 11
1 13
1 14
1 15
1 18
1 19
1 22
1 24
1 25
1 27
1 31
1 37
1 38
1 39
1 40
1 43
1 44
1 47
1 50
2 3
2 4
2 5
2 10
2 22
2 23
2 24
2 25
2 28
2 30
2 31
2 34
2 35
2 37
2 39
2 41
2 48
2 50
3 4
3 7
3 12
3 13
3 14
3 15
3 18
3 22
3 23
3 24
3 25
3 26
3 27
3 30
3 31
3 36
3 39
3 44
3 50
4 5
4 10
4 12
4 13
4 16
4 20
4 24
4 27
4 30
4 31
4 33
4 34
4 36
4 39
4 42
4 45
4 48
5 6
5 8
5 18
5 19
5 20
5 22
5 24
5 25
5 26
5 27
5 28
5 29
5 31
5 34
5 35
5 43
6 7
6 10
6 12
6 22
6 23
6 24
6 25
6 26
6 27
6 28
6 33
6 35
6 41
6 44
6 45
6 46
6 49
7 8
7 9
7 10
7 11
7 12
7 14
7 15
7 16
7 20
7 21
7 23
7 27
7 28
7 30
7 34
7 38
7 39
7 41
7 44
7 46
7 49
7 50
8 9
8 14
8 17
8 18
8 19
8 20
8 21
8 22
8 26
8 27
8 28
8 29
8 30
8 32
8 34
8 38
8 44
8 45
9 10
9 12
9 15
9 16
9 18
9 20
9 22
9 29
9 37
9 39
9 40
9 41
9 42
9 45
9 46
9 47
9 50
10 11
10 12
10 13
10 14
10 17
10 19
10 20
10 21
10 22
10 25
10 27
10 33
10 39
10 44
10 46
10 47
10 48
11 12
11 14
11 19
11 22
11 29
11 33
11 35
11 40
11 42
11 47
11 48
12 13
12 14
12 20
12 21
12 25
12 26
12 29
12 30
12 31
12 33
12 34
12 35
12 37
12 38
12 39
12 41
12 46
12 48
13 14
13 16
13 17
13 18
13 20
13 21
13 22
13 25
13 28
13 29
13 31
13 32
13 34
13 35
13 36
13 40
13 42
13 43
13 44
13 45
13 46
13 47
13 48
13 49
13 50
14 15
14 21
14 22
14 24
14 25
14 26
14 27
14 28
14 29
14 33
14 35
14 36
14 39
14 41
14 44
14 46
14 49
15 16
15 18
15 21
15 23
15 24
15 26
15 27
15 29
15 30
15 34
15 37
15 38
15 39
15 40
15 41
15 42
15 43
15 44
15 46
15 49
15 50
16 17
16 19
16 24
16 26
16 27
16 28
16 31
16 32
16 36
16 42
16 43
16 44
16 45
16 48
16 49
16 50
17 18
17 21
17 24
17 26
17 27
17 29
17 30
17 34
17 35
17 37
17 38
17 39
17 41
17 42
17 43
17 50
18 19
18 21
18 24
18 26
18 27
18 28
18 34
18 35
18 36
18 39
18 45
18 47
18 48
19 20
19 21
19 23
19 24
19 25
19 29
19 30
19 32
19 35
19 38
19 39
19 42
19 43
19 44
19 46
19 47
19 48
19 49
20 21
20 22
20 24
20 26
20 28
20 31
20 35
20 37
20 38
20 41
20 43
20 45
20 47
20 50
21 22
21 24
21 26
21 28
21 35
21 41
21 49
22 23
22 24
22 27
22 28
22 30
22 31
22 33
22 35
22 37
22 39
22 41
22 42
22 43
22 45
22 46
22 47
22 49
23 24
23 26
23 27
23 28
23 30
23 31
23 33
23 35
23 36
23 38
23 39
23 40
23 50
24 25
24 31
24 32
24 33
24 37
24 42
24 43
24 46
24 47
24 49
24 50
25 26
25 27
25 30
25 32
25 33
25 34
25 36
25 37
25 47
25 49
26 27
26 28
26 32
26 33
26 38
26 44
27 28
27 29
27 31
27 34
27 37
27 38
27 39
27 40
27 42
27 44
27 45
27 46
27 48
27 49
28 29
28 33
28 37
28 42
28 45
28 47
28 49
29 30
29 31
29 34
29 36
29 37
29 39
29 41
29 46
29 47
29 48
30 31
30 38
30 42
30 43
30 45
30 46
30 48
30 50
31 32
31 37
31 40
31 41
31 43
31 45
31 47
31 50
32 33
32 34
32 36
32 38
32 39
32 41
32 42
32 43
32 46
32 48
32 50
33 34
33 36
33 38
33 39
33 43
33 46
33 48
34 35
34 39
34 42
34 44
34 45
34 46
34 48
34 50
35 36
35 37
35 38
35 39
35 42
35 45
35 46
36 37
36 38
36 39
36 40
36 41
36 43
36 44
36 45
36 48
36 49
36 50
37 38
37 39
37 42
37 44
37 48
37 49
37 50
38 39
38 44
38 49
38 50
39 40
39 43
39 44
39 46
40 41
40 42
40 43
40 48
41 42
41 43
41 44
41 45
41 46
41 47
42 43
42 44
42 45
43 44
43 45
43 46
43 48
44 45
44 48
44 50
45 46
45 49
45 50
46 47
46 48
46 50
47 48
47 49
48 49
49 50
