50
1 2
1 3
1 4
1 5
1 6
1 7
1 8
1 11
1 15
1 17
1 21
1 22
1 25
1 27
1 28
1 31
1 33
1 36
1 41
1 43
1 47
1 50
2 3
2 6
2 7
2 8
2 9
2 11
2 12
2 13
2 14
2 17
2 18
2 19
2 23
2 25
2 26
2 30
2 33
2 35
2 37
2 40
2 42
2 43
2 44
2 45
2 46
2 48
2 49
3 4
3 7
3 8
3 12
3 13
3 14
3 15
3 17
3 20
3 22
3 26
3 27
3 28
3 31
3 32
3 33
3 36
3 40
3 43
3 46
3 47
3 49
3 50
4 5
4 6
4 7
4 8
4 13
4 14
4 16
4 17
4 18
4 19
4 21
4 23
4 26
4 27
4 30
4 31
4 32
4 34
4 37
4 38
4 39
4 41
4 42
4 47
5 6
5 7
5 11
5 12
5 13
5 17
5 19
5 24
5 25
5 26
5 27
5 28
5 31
5 32
5 34
5 35
5 36
5 38
5 39
5 40
5 44
5 47
5 48
5 49
6 7
6 8
6 9
6 10
6 12
6 14
6 16
6 19
6 21
6 22
6 24
6 25
6 26
6 27
6 29
6 33
6 34
6 35
6 37
6 40
6 41
6 42
6 43
6 46
6 47
7 8
7 9
7 10
7 13
7 18
7 20
7 22
7 23
7 25
7 26
7 27
7 30
7 31
7 37
7 38
7 39
7 41
7 42
7 46
7 48
7 49
7 50
8 9
8 10
8 13
8 16
8 20
8 22
8 24
8 25
8 26
8 27
8 28
8 35
8 38
8 40
8 41
8 42
8 43
8 44
8 46
8 47
8 48
9 10
9 11
9 14
9 15
9 16
9 17
9 20
9 22
9 25
9 27
9 30
9 31
9 34
9 35
9 40
9 42
9 46
9 47
9 49
9 50
10 11
10 12
10 14
10 15
10 16
10 19
10 20
10 21
10 22
10 24
10 26
10 29
10 31
10 34
10 35
10 40
10 42
10 43
10 44
10 45
10 46
10 48
10 50
11 12
11 15
11 17
11 19
11 22
11 26
11 27
11 29
11 34
11 35
11 36
11 38
11 39
11 40
11 41
11 44
11 47
11 49
11 50
12 13
12 14
12 19
12 20
12 24
12 27
12 28
12 31
12 36
12 37
12 42
12 43
12 46
12 48
12 49
13 14
13 15
13 16
13 18
13 19
13 20
13 21
13 22
13 26
13 27
13 29
13 30
13 32
13 33
13 36
13 37
13 43
13 44
13 46
13 47
13 50
14 15
14 18
14 19
14 21
14 22
14 24
14 25
14 27
14 29
14 30
14 32
14 39
14 41
14 43
14 45
14 46
14 48
14 49
15 16
15 17
15 18
15 19
15 20
15 23
15 25
15 26
15 27
15 29
15 31
15 32
15 36
15 37
15 38
15 39
15 41
15 43
15 44
15 46
16 17
16 20
16 24
16 26
16 27
16 28
16 29
16 31
16 34
16 35
16 36
16 38
16 41
16 42
16 43
16 45
16 46
16 48
16 49
17 18
17 19
17 20
17 23
17 24
17 29
17 30
17 31
17 32
17 34
17 37
17 40
17 41
17 42
17 44
17 45
17 46
17 48
18 19
18 20
18 21
18 22
18 24
18 32
18 35
18 36
18 40
18 43
18 44
18 45
18 48
18 49
19 20
19 23
19 28
19 29
19 30
19 32
19 33
19 34
19 35
19 37
19 44
19 45
19 46
19 50
20 21
20 22
20 23
20 25
20 26
20 27
20 30
20 31
20 32
20 47
21 22
21 24
21 26
21 28
21 30
21 34
21 35
21 37
21 39
21 42
21 46
21 48
22 23
22 24
22 28
22 29
22 32
22 40
22 43
22 44
22 45
22 50
23 24
23 25
23 30
23 31
23 34
23 36
23 43
23 44
23 46
23 47
23 48
23 49
23 50
24 25
24 29
24 31
24 33
24 34
24 37
24 43
24 45
24 46
24 47
24 50
25 26
25 28
25 30
25 33
25 34
25 37
25 42
25 44
25 47
25 48
26 27
26 29
26 30
26 32
26 34
26 37
26 38
26 39
26 42
26 46
26 47
26 48
26 49
27 28
27 31
27 35
27 37
27 41
27 44
27 46
27 48
27 49
28 29
28 30
28 35
28 36
28 38
28 39
28 40
28 41
28 43
28 44
28 47
28 48
28 49
29 30
29 33
29 36
29 37
29 39
29 41
29 43
29 48
29 49
29 50
30 31
30 34
30 35
30 42
30 43
30 45
30 47
30 49
30 50
31 32
31 33
31 36
31 38
31 40
31 41
31 45
31 47
31 48
31 50
32 33
32 34
32 36
32 37
32 40
32 42
32 45
32 46
32 47
32 50
33 34
33 36
33 40
33 42
33 43
33 45
33 47
33 48
34 35
34 38
34 41
34 42
34 43
34 45
34 46
34 48
34 50
35 36
35 39
35 40
35 45
35 46
35 47
35 48
35 50
36 37
36 39
36 43
36 44
36 45
36 46
36 48
36 49
36 50
37 38
37 39
37 42
37 43
37 46
37 47
37 49
37 50
38 39
38 40
38 41
38 42
38 43
38 45
38 49
39 40
39 41
39 44
39 45
39 46
39 48
40 41
40 43
40 44
40 46
40 47
40 49
40 50
41 42
41 43
41 46
41 50
42 43
42 46
42 50
43 44
43 45
43 46
43 47
44 45
44 48
44 49
45 46
45 50
46 47
46 48
47 48
47 50
48 49
49 50
